Train results:
MAE: 0.04307951761268066
MSE: 0.002963353864946886
RMSE: 0.05443669594076119
R² (Coefficient of Determination): 0.8981470343836547
Test results:
MAE: 0.04972780890909046
MSE: 0.004074386017230688
RMSE: 0.0638309174086562
R² (Coefficient of Determination): 0.8650699265693961

Parameters :
**Number of hidden layer = 2
**Activation name = relu
**Initial learning rate = 0.001
**Momentum = 0.9
**Gradient method = adam

WEIGHTS:

Weights between input and layer1
 from x0 to each node in hidden layer1 weights:
[-0.0999,  0.2228,  0.064 ,  0.0819, -0.1683, -0.1475, -0.0482,  0.1334,
  0.0142,  0.1836, -0.0779,  0.236 ,  0.1586, -0.0903, -0.2048, -0.1029,
 -0.02  , -0.019 ,  0.0744, -0.0894,  0.0519, -0.1854, -0.0544, -0.0685,
 -0.0208,  0.1761, -0.0066,  0.0087,  0.1018, -0.2139,  0.0488, -0.0848,
 -0.2255,  0.4013,  0.2259,  0.1702, -0.0562, -0.1977,  0.1142, -0.0393,
 -0.1478,  0.0256, -0.1666,  0.2122,  0.0335,  0.0664, -0.0923, -0.0105,
  0.0332, -0.2446]
 from x1 to each node in hidden layer1 weights:
[ 0.2421,  0.1409,  0.1416,  0.2178, -0.0173,  0.1581, -0.2305, -0.1738,
  0.0047, -0.0869,  0.0216, -0.1055,  0.205 , -0.0488, -0.103 ,  0.0161,
 -0.0975,  0.1133, -0.1546,  0.2772,  0.184 , -0.1081, -0.1346,  0.1175,
  0.1017,  0.1571,  0.0836, -0.2239, -0.1014, -0.1925,  0.1674,  0.0874,
 -0.1007, -0.2235, -0.0901, -0.0494,  0.0863,  0.0471,  0.2395, -0.0766,
 -0.3047,  0.1411,  0.1527,  0.0325,  0.0521, -0.0081,  0.0173, -0.0553,
 -0.229 , -0.2141]
 from x2 to each node in hidden layer1 weights:
[-0.2796,  0.1183, -0.0052,  0.0534,  0.2309, -0.1703, -0.0523,  0.1384,
 -0.0829, -0.2268, -0.0946, -0.12  ,  0.1974,  0.1561,  0.1028,  0.2224,
  0.1829, -0.0761,  0.1796,  0.0541,  0.1435,  0.2333, -0.0085, -0.2045,
 -0.1409, -0.0299,  0.095 ,  0.17  , -0.1915, -0.0534, -0.0793, -0.1731,
 -0.1396, -0.0067,  0.1734, -0.053 , -0.0618,  0.0814, -0.037 ,  0.2695,
  0.2595, -0.0999,  0.0535, -0.0653,  0.0176, -0.206 ,  0.1001, -0.0153,
 -0.2256, -0.0962]
 from x3 to each node in hidden layer1 weights:
[ 2.0307e-01, -8.1026e-02,  1.8152e-02, -1.4512e-02,  2.5402e-01,
 -5.0866e-03,  1.7427e-01,  1.3725e-01, -3.4336e-04,  1.5503e-01,
  1.5227e-02,  7.1892e-02,  3.8362e-02, -2.3474e-02, -2.0184e-01,
  2.1035e-01, -6.3323e-03, -1.7371e-01, -3.6959e-01,  3.3125e-02,
  1.0991e-01, -3.0442e-01,  9.7582e-02, -1.5841e-01,  9.3987e-02,
 -1.5216e-01, -3.0265e-02, -6.7900e-02,  1.8234e-01, -2.0871e-01,
 -8.7061e-02, -1.3224e-01,  3.1793e-01,  1.5809e-01, -7.6419e-02,
  8.5127e-02,  1.7536e-01,  1.0821e-02,  5.7945e-02, -1.5033e-01,
 -1.6030e-01,  2.3814e-01,  1.7663e-01,  8.1113e-02,  4.0662e-02,
 -1.5468e-01,  1.1424e-01,  1.9840e-01,  1.6855e-01,  8.3847e-02]
 from x4 to each node in hidden layer1 weights:
[-0.0487, -0.412 , -0.9562,  0.2546,  0.0488, -0.5172, -0.5422,  0.1937,
 -1.114 , -0.3641,  0.3102,  0.1679,  0.4008, -0.2065, -0.0839, -0.0872,
 -0.1386,  0.2668,  0.1523,  0.2468,  0.1815,  0.0955, -0.5296, -0.0843,
 -0.2378, -0.1915,  0.6751, -0.1528,  0.5541,  0.0543,  0.0569, -0.0721,
  0.2358, -0.01  , -0.2829,  0.2681, -0.1933, -0.1002, -0.0188, -0.1245,
  0.3172,  0.2406,  0.2573, -0.1108, -1.2684,  0.5814, -0.0466,  0.2419,
  0.3474,  0.2665]
 from x5 to each node in hidden layer1 weights:
[-0.0257, -0.0931,  0.1177, -0.0665, -0.2274, -0.018 ,  0.1888,  0.079 ,
 -0.0264, -0.2091, -0.0941,  0.2222, -0.1991,  0.0831,  0.1679,  0.1232,
  0.1244,  0.0745, -0.0166, -0.0958,  0.1767,  0.2121,  0.2865,  0.1678,
 -0.0111,  0.0208,  0.077 ,  0.0286,  0.0819,  0.113 ,  0.1719, -0.1116,
 -0.0706, -0.1168,  0.0019, -0.1385, -0.0416,  0.0047, -0.061 ,  0.0346,
 -0.3334, -0.2181,  0.2097, -0.0765,  0.0263,  0.0357,  0.1386, -0.1873,
  0.0631, -0.2616]
 from x6 to each node in hidden layer1 weights:
[-2.7170e-01, -9.8619e-05, -5.7347e-02,  8.5367e-02,  7.1613e-02,
  1.5247e-01, -7.3613e-02, -6.3507e-02,  6.4860e-02, -8.7720e-02,
  1.7700e-02, -2.3545e-01, -2.4040e-01,  1.9676e-01,  1.1142e-01,
  1.0808e-01, -5.0295e-03, -1.3442e-01, -1.3959e-02, -1.1171e-01,
 -3.2912e-03,  7.6566e-02,  1.0604e-01, -1.1043e-01,  2.0884e-01,
  1.1658e-01,  5.5540e-02,  1.7926e-02,  5.4541e-02, -8.1462e-02,
 -9.9762e-02,  1.3160e-01, -1.5601e-01, -1.9255e-01, -2.3291e-01,
 -1.7295e-01,  6.6366e-02,  8.0880e-02,  2.9666e-02, -2.2590e-01,
 -7.9341e-02, -4.8428e-03, -1.7656e-01, -2.8895e-02,  5.9523e-02,
  5.9981e-02,  1.2621e-01, -2.5054e-01, -7.6306e-02,  5.1036e-02]
 from x7 to each node in hidden layer1 weights:
[ 0.0476,  0.1613,  0.0094, -0.1598, -0.3124,  0.0223, -0.1274,  0.0064,
  0.0933,  0.0384, -0.027 ,  0.0751, -0.0025,  0.034 ,  0.2593, -0.1243,
  0.3269,  0.1585, -0.1521, -0.2365, -0.1277, -0.2733, -0.0516, -0.0093,
 -0.2071, -0.024 ,  0.0183, -0.2264,  0.1447, -0.1228, -0.2175,  0.1789,
  0.0785,  0.3315,  0.0913,  0.1558, -0.1551, -0.1516,  0.1765,  0.1653,
  0.1912, -0.0087, -0.0852,  0.1489,  0.0283,  0.2142,  0.1581, -0.0512,
  0.1047,  0.1407]
 from x8 to each node in hidden layer1 weights:
[-0.2967,  0.2444,  0.07  ,  0.1658, -0.0532,  0.1904, -0.2089, -0.1952,
  0.0651, -0.0972,  0.0601,  0.2028,  0.1525,  0.0646,  0.0675, -0.0331,
 -0.008 , -0.0985,  0.1101,  0.098 ,  0.1815,  0.1096, -0.0154,  0.0508,
 -0.1737,  0.0684, -0.0113,  0.1787, -0.0842, -0.2069, -0.2299,  0.1815,
  0.1201, -0.0198, -0.1323,  0.0989, -0.1838,  0.137 ,  0.1665, -0.1495,
 -0.2402,  0.2875, -0.0491, -0.0516,  0.0479,  0.1722,  0.2701,  0.1081,
 -0.1128, -0.193 ]
 from x9 to each node in hidden layer1 weights:
[ 0.1613,  0.0832,  0.1004,  0.1879, -0.2541,  0.0642, -0.2402,  0.0269,
  0.0099, -0.1065, -0.1107,  0.0514,  0.0914,  0.1033,  0.257 , -0.0762,
 -0.0573,  0.1214, -0.0643,  0.225 , -0.2261,  0.216 , -0.1139,  0.2486,
  0.0427,  0.2538, -0.0228,  0.0096,  0.1787, -0.0478,  0.0602,  0.1682,
  0.0349,  0.0876,  0.1053,  0.2178, -0.2441, -0.1085,  0.2766,  0.2018,
 -0.0625,  0.091 , -0.0587, -0.1559,  0.0488, -0.1747,  0.0381, -0.2338,
  0.2268,  0.1951]
 from x10 to each node in hidden layer1 weights:
[ 0.2135, -0.0121, -0.0435,  0.1868,  0.0557, -0.1679,  0.1915,  0.1412,
  0.0533,  0.1291,  0.1445, -0.0479,  0.2234,  0.2366, -0.2385, -0.2663,
 -0.0876,  0.144 ,  0.2662, -0.2231,  0.0405, -0.032 ,  0.2331,  0.0979,
  0.1682, -0.0078, -0.0272, -0.1219, -0.112 ,  0.1769,  0.1242,  0.2206,
  0.1491, -0.0234,  0.1178,  0.3292,  0.117 , -0.0619, -0.034 , -0.1761,
  0.2518,  0.0436, -0.1222,  0.0992,  0.0223, -0.0253, -0.1453,  0.0829,
 -0.0154,  0.1288]
 from x11 to each node in hidden layer1 weights:
[-0.0758,  0.1734, -0.0021,  0.0481,  0.2075, -0.0306, -0.188 , -0.2547,
  0.0653, -0.0079,  0.0565, -0.1131, -0.0706, -0.0664, -0.0555, -0.0353,
 -0.0564,  0.0382,  0.2272, -0.0704,  0.0275,  0.1391, -0.0427,  0.0458,
  0.1903,  0.2508, -0.0213,  0.2018,  0.0531, -0.1747, -0.0637,  0.2193,
 -0.1238, -0.1248,  0.0403, -0.0593, -0.313 , -0.1439, -0.1928, -0.1401,
 -0.2285,  0.0877, -0.1001, -0.0473,  0.0439,  0.0639,  0.0885, -0.1884,
 -0.1248, -0.2411]
 from x12 to each node in hidden layer1 weights:
[-0.1117, -0.0835,  0.0019, -0.194 , -0.2432, -0.0043, -0.2068, -0.05  ,
  0.0478,  0.1354, -0.1784,  0.1247,  0.0833, -0.2161,  0.2039,  0.2412,
 -0.1529, -0.143 ,  0.1732,  0.1176, -0.1386, -0.1727,  0.0391, -0.0435,
  0.0654, -0.0277, -0.0137,  0.1083, -0.2102, -0.1196,  0.0701,  0.1775,
  0.1242,  0.0798, -0.1888, -0.0022,  0.0044, -0.1012, -0.0776, -0.1007,
 -0.2791, -0.0688, -0.1579, -0.0783,  0.0083,  0.1548,  0.0648,  0.0928,
  0.1193, -0.0453]
 from x13 to each node in hidden layer1 weights:
[-0.0785,  0.0548,  0.068 ,  0.1378,  0.038 , -0.1465,  0.0313, -0.0863,
  0.0417,  0.1188, -0.0146,  0.1935,  0.0255, -0.0362, -0.2203, -0.2098,
 -0.036 , -0.2619, -0.0998, -0.0951, -0.1889,  0.202 , -0.1026, -0.0209,
 -0.0362,  0.2951, -0.0546, -0.0186,  0.2378,  0.182 ,  0.1508, -0.1076,
 -0.1728,  0.1399,  0.2398,  0.0873,  0.0516, -0.1025,  0.1606, -0.2487,
 -0.1725, -0.0262,  0.0456, -0.0972,  0.0105,  0.0294, -0.0828,  0.054 ,
 -0.2011, -0.0546]
 from x14 to each node in hidden layer1 weights:
[-0.0119, -0.1763,  0.0034, -0.1897, -0.2606,  0.1805, -0.0289,  0.1615,
  0.0354,  0.1361,  0.1453,  0.0326, -0.0363,  0.0291, -0.0578,  0.1658,
  0.1532,  0.2842, -0.2906,  0.0388,  0.2122, -0.2008, -0.1527,  0.1565,
  0.0531,  0.2011, -0.0122,  0.1621, -0.113 , -0.2214, -0.1713,  0.1407,
  0.3178,  0.0723, -0.047 ,  0.2578, -0.0786,  0.1344,  0.0137, -0.0965,
  0.0536, -0.1167,  0.1749,  0.0183, -0.0186,  0.1802,  0.0184, -0.0507,
  0.1938,  0.0384]
 from x15 to each node in hidden layer1 weights:
[-0.2271,  0.2014,  0.5692, -0.0839, -0.1947,  0.4489,  0.2444, -0.0517,
  0.5043,  0.0639, -0.6293, -0.1474, -0.1132,  0.3162, -0.3481,  0.0044,
  0.0022,  0.2688, -0.4367,  0.189 , -0.3108,  0.2499, -0.4339,  0.0292,
  0.2076, -0.2885, -0.567 ,  0.2169,  0.3085,  0.0568,  0.0762, -0.2342,
 -0.3834, -0.1898, -0.1776,  0.4972,  0.0256, -0.0641, -0.0666,  0.3043,
 -0.0192, -0.0701, -0.0389,  0.1729, -0.5353,  0.3881,  0.4181,  0.0415,
 -0.0064,  0.2606]
 from x16 to each node in hidden layer1 weights:
[ 0.1991, -0.1902,  0.0685,  0.064 , -0.0975,  0.1411,  0.14  ,  0.2015,
  0.009 , -0.1407,  0.2238,  0.1469, -0.2215,  0.2892,  0.2015,  0.0258,
  0.0221, -0.1196, -0.0839, -0.0681,  0.1227, -0.3108, -0.0481, -0.0889,
  0.0106,  0.2129, -0.0353, -0.0532,  0.1606,  0.0114, -0.154 , -0.0132,
 -0.0557, -0.1069,  0.0094,  0.0872,  0.2059, -0.0749,  0.073 ,  0.0531,
 -0.2656,  0.0828, -0.2384,  0.2572,  0.0155, -0.0426, -0.099 ,  0.2329,
 -0.0209, -0.0231]
 from x17 to each node in hidden layer1 weights:
[-0.2863,  0.1333,  0.0157,  0.2082, -0.1397, -0.0874, -0.1605, -0.0199,
  0.0284, -0.1512, -0.0043, -0.0152,  0.0361,  0.0563, -0.1041,  0.0874,
 -0.1507, -0.1374,  0.0797,  0.2603, -0.0464, -0.0598,  0.1143, -0.0755,
 -0.2286, -0.1576,  0.037 ,  0.0491, -0.1639, -0.2047, -0.2107,  0.0842,
 -0.163 , -0.1712,  0.1406, -0.0402,  0.0694, -0.0531, -0.1998, -0.0716,
  0.0169,  0.1994,  0.1084, -0.035 ,  0.027 , -0.1153, -0.0523,  0.1748,
 -0.2835, -0.2276]
 from x18 to each node in hidden layer1 weights:
[ 0.0337, -0.2411,  0.0068,  0.053 , -0.0873,  0.1981,  0.2331, -0.1122,
 -0.021 , -0.0943,  0.0275, -0.1437,  0.0759, -0.0391,  0.0456, -0.0265,
 -0.0374,  0.2771,  0.1632, -0.1399,  0.1566,  0.0381,  0.2161,  0.1896,
 -0.0167, -0.2459, -0.0916,  0.0559,  0.0306, -0.086 , -0.2147,  0.1886,
  0.1535,  0.0248, -0.1645, -0.0513, -0.3062,  0.184 , -0.1727,  0.0274,
 -0.0869,  0.0287,  0.1591,  0.2069,  0.0359, -0.214 , -0.1694,  0.2043,
  0.1645,  0.0493]
 from x19 to each node in hidden layer1 weights:
[ 0.059 ,  0.0852, -0.0091,  0.214 , -0.0129, -0.0658,  0.0398, -0.2031,
  0.0021,  0.1576, -0.1616,  0.0144, -0.1298,  0.0462, -0.1529, -0.0951,
  0.1071, -0.1126,  0.0522, -0.0068,  0.0383,  0.2045,  0.1039, -0.1925,
 -0.2396, -0.1233,  0.0688, -0.2227,  0.0061,  0.113 , -0.0907,  0.0606,
 -0.1915, -0.2022,  0.1374,  0.0718,  0.1013, -0.0453, -0.0913,  0.1153,
  0.0975,  0.0873, -0.1198,  0.0783,  0.0576, -0.2218,  0.2663, -0.1973,
  0.2051, -0.0205]
 from x20 to each node in hidden layer1 weights:
[-0.2197,  0.0097,  0.1469,  0.1114,  0.1717,  0.0106,  0.0493,  0.2103,
 -0.0134,  0.0248, -0.1483,  0.2026,  0.239 , -0.2537,  0.1213,  0.2259,
 -0.1048,  0.0303,  0.1523, -0.2238,  0.0934, -0.1236,  0.2874,  0.2134,
  0.258 ,  0.0349,  0.0748,  0.2126, -0.0848,  0.1798, -0.3162,  0.041 ,
 -0.0974, -0.1567, -0.145 ,  0.1604, -0.1099,  0.0913, -0.1817, -0.0643,
  0.0179,  0.176 , -0.2111,  0.0799,  0.0259,  0.0297, -0.0894, -0.238 ,
  0.1691, -0.2591]
 from x21 to each node in hidden layer1 weights:
[ 0.2967, -0.0013,  0.0638,  0.1802,  0.2116, -0.2216,  0.1496, -0.0353,
 -0.0581,  0.0111,  0.077 ,  0.2739,  0.163 , -0.0133, -0.0645,  0.0639,
 -0.124 , -0.1442, -0.0782, -0.0793, -0.0934, -0.1451, -0.1924, -0.2912,
  0.2656, -0.0282, -0.0101,  0.0492, -0.1028,  0.2162,  0.1135, -0.288 ,
 -0.0853,  0.1751,  0.2347,  0.0517,  0.0314, -0.1651,  0.2581, -0.1421,
  0.2594,  0.0821,  0.0724,  0.0273,  0.006 , -0.1074, -0.111 , -0.152 ,
  0.139 , -0.044 ]
 from x22 to each node in hidden layer1 weights:
[-0.1176,  0.219 ,  0.1302,  0.2078,  0.3022, -0.1593,  0.0258,  0.1106,
  0.0611, -0.1246,  0.1867, -0.1865, -0.0831,  0.0745,  0.0191,  0.0958,
 -0.1089,  0.1045, -0.0202, -0.1918,  0.2312,  0.2016,  0.1967,  0.1491,
  0.0827,  0.0565, -0.0101, -0.0122,  0.0066, -0.2016,  0.0857,  0.045 ,
 -0.0634, -0.0874,  0.1265, -0.1483,  0.1847, -0.0195,  0.0101,  0.0262,
  0.2239, -0.0546,  0.0503,  0.0221,  0.0616,  0.1827,  0.1681,  0.0659,
  0.162 ,  0.1243]
 from x23 to each node in hidden layer1 weights:
[ 0.1052,  0.2202,  0.0636,  0.107 ,  0.0219,  0.0547, -0.0945,  0.1799,
  0.0728, -0.1389,  0.1602, -0.1587, -0.1592,  0.1372, -0.1134,  0.1106,
  0.2763, -0.0444, -0.2073, -0.0967,  0.0875,  0.2378,  0.1577, -0.0589,
  0.0963,  0.0458,  0.0694, -0.215 ,  0.0924,  0.0407,  0.2042, -0.0093,
  0.1528,  0.2499, -0.2081,  0.1695,  0.1196, -0.178 , -0.0413,  0.1481,
 -0.185 ,  0.0943, -0.0286,  0.0334,  0.0476,  0.1406,  0.2072,  0.2566,
  0.1524, -0.2233]
 from x24 to each node in hidden layer1 weights:
[ 0.1237, -0.2112,  0.0178, -0.0655, -0.002 ,  0.0837,  0.1498, -0.0419,
  0.0039,  0.2626, -0.0202, -0.0141, -0.2352,  0.1572,  0.1002, -0.1497,
 -0.1754,  0.0791,  0.1588, -0.1224,  0.2318, -0.1811, -0.0053,  0.2226,
 -0.0283,  0.075 , -0.0768, -0.12  ,  0.2451, -0.1293,  0.1962, -0.116 ,
 -0.2546, -0.2084,  0.0851, -0.0464,  0.2078, -0.0111,  0.2894, -0.0923,
  0.0306,  0.1486,  0.1159,  0.2167,  0.063 ,  0.0465, -0.135 , -0.2448,
  0.1796,  0.0383]
 from x25 to each node in hidden layer1 weights:
[ 0.0973,  0.0125, -0.0493, -0.1638,  0.0926, -0.0058, -0.1491, -0.0134,
  0.0044,  0.0475, -0.0478,  0.1517, -0.0339,  0.0137, -0.2298, -0.171 ,
  0.0472,  0.019 ,  0.1814, -0.0763,  0.1136,  0.1713,  0.1744, -0.2697,
  0.0073, -0.1719, -0.0206,  0.2252, -0.168 , -0.0357,  0.0387,  0.1512,
  0.0135, -0.1691, -0.135 ,  0.0356, -0.2006, -0.0636, -0.2268, -0.2983,
 -0.069 , -0.1629, -0.051 ,  0.1194,  0.007 , -0.1035, -0.1451, -0.2015,
  0.0846,  0.0963]
 from x26 to each node in hidden layer1 weights:
[-0.2147,  0.2129, -0.0558,  0.0428,  0.0647,  0.1585,  0.0894,  0.1675,
 -0.0183,  0.097 , -0.0711,  0.2281,  0.0851,  0.1369, -0.0317,  0.0752,
  0.0474,  0.0643, -0.1009, -0.2538, -0.0916, -0.1873,  0.169 , -0.2485,
  0.2112, -0.0593,  0.0103,  0.1177,  0.0839, -0.0428,  0.0085,  0.1659,
 -0.0823,  0.1576,  0.2348,  0.1212, -0.2138,  0.0669, -0.2053, -0.2348,
 -0.0897, -0.0071,  0.1205,  0.0986,  0.0258, -0.0204, -0.0671, -0.0845,
  0.26  , -0.2289]
 from x27 to each node in hidden layer1 weights:
[ 0.1434,  0.0587,  0.0531,  0.1185,  0.0329,  0.1805,  0.1121, -0.0566,
  0.0261,  0.0732,  0.2112, -0.1493,  0.0783,  0.1495,  0.0906, -0.2182,
  0.1517,  0.2087, -0.1039, -0.0759,  0.252 , -0.1162,  0.1392,  0.1227,
 -0.0945,  0.1806,  0.0319,  0.0335,  0.0244,  0.0265, -0.1874, -0.0572,
  0.0725, -0.1199,  0.0505,  0.0029,  0.18  , -0.152 ,  0.2394, -0.0571,
 -0.0714, -0.2092, -0.2124, -0.001 ,  0.0476,  0.2066, -0.0004, -0.1541,
  0.081 ,  0.1197]
 from x28 to each node in hidden layer1 weights:
[-2.1008e-01, -1.3954e-01, -5.1032e-02,  1.2973e-01, -2.1331e-02,
 -8.3514e-02,  1.4064e-01,  1.7004e-01, -1.6658e-04,  2.4498e-01,
 -7.9041e-02, -1.9713e-01, -1.2877e-01, -2.2657e-01,  1.3205e-02,
  1.5424e-01, -2.2851e-01, -2.3222e-01,  3.3193e-02,  2.2415e-01,
 -1.3265e-01,  1.0462e-02, -1.4342e-01, -1.6688e-01,  2.7012e-01,
  2.3870e-01, -5.7365e-02,  2.3898e-01,  6.8743e-02,  1.7955e-01,
 -4.2504e-02,  1.0992e-02, -2.4386e-03,  1.6247e-01, -1.8768e-01,
 -1.9465e-01, -9.4224e-02,  7.9468e-02, -1.3376e-01,  1.0153e-01,
  2.2376e-01, -2.1363e-01,  1.1218e-01, -4.1998e-02,  4.6067e-02,
 -1.4547e-01,  1.6372e-01,  1.5527e-01,  2.1895e-01,  1.0242e-01]
 from x29 to each node in hidden layer1 weights:
[-0.1541,  0.04  ,  0.0952,  0.0493, -0.2454,  0.1223,  0.054 ,  0.0615,
 -0.0173,  0.1064, -0.0745,  0.0758, -0.1482,  0.1158,  0.2441, -0.2391,
  0.2688, -0.0422,  0.1581,  0.1854,  0.0289,  0.1277,  0.2258, -0.0299,
 -0.0933,  0.1157,  0.1025,  0.1267,  0.1871, -0.0818,  0.1506, -0.1406,
  0.1102, -0.2733, -0.1159,  0.0051, -0.0967,  0.0735, -0.0527, -0.087 ,
 -0.2269, -0.0511, -0.1491, -0.2242,  0.0061,  0.1086,  0.039 , -0.0344,
 -0.0565,  0.1741]
 from x30 to each node in hidden layer1 weights:
[ 0.0643, -0.0086, -0.0026, -0.0708, -0.1211, -0.0226,  0.0697,  0.0328,
  0.0335,  0.2332,  0.1065,  0.0912,  0.2094, -0.151 , -0.1281, -0.3114,
  0.1435,  0.0913, -0.0392,  0.2196, -0.2182,  0.2223,  0.0373, -0.2955,
  0.0212, -0.0834, -0.0391, -0.0903,  0.0917,  0.0471, -0.1442,  0.136 ,
  0.0799, -0.1247, -0.0193, -0.1861, -0.1203,  0.0691, -0.1171, -0.0236,
  0.0265, -0.1749,  0.0482, -0.117 ,  0.035 , -0.0009,  0.1464,  0.0167,
 -0.2323,  0.079 ]
 from x31 to each node in hidden layer1 weights:
[ 0.2813,  0.0454,  0.043 ,  0.2326, -0.0295, -0.2177,  0.0506, -0.0531,
  0.0702,  0.1584, -0.0628, -0.1634,  0.1943, -0.0329,  0.1309, -0.0643,
  0.0452, -0.1889,  0.1264, -0.0155,  0.0078, -0.2038,  0.0991,  0.137 ,
 -0.1678, -0.2227,  0.0087,  0.0911,  0.0829,  0.0186, -0.1576, -0.1198,
  0.0487,  0.0476,  0.2665, -0.0915,  0.0821, -0.0549, -0.0356,  0.1327,
  0.0495,  0.2362, -0.2481, -0.19  ,  0.0662,  0.0718, -0.015 , -0.2054,
 -0.2337,  0.17  ]

Weights between layer1 and layer2
 from node0 in hidden layer1 to each node in hidden layer2 weights:
[-3.0750e-01, -7.8287e-02, -2.2231e-01, -5.1911e-02, -7.4821e-02,
  1.6176e-01,  3.9117e-02, -6.2801e-02, -6.0722e-02, -1.3121e-01,
  1.8510e-39, -5.9953e-02,  1.7858e-01,  1.3066e-01,  2.9453e-01,
  1.8866e-01, -9.1554e-21,  1.9358e-01, -1.8242e-01,  2.7308e-01,
  8.2689e-03,  1.9681e-01,  1.9313e-01,  1.2868e-01,  1.5043e-01,
 -8.2091e-02, -1.0979e-01, -2.8646e-03, -1.7381e-01,  2.9085e-01,
 -1.5891e-01,  2.2986e-01,  7.1122e-02,  2.5543e-01, -9.0272e-02,
  1.3890e-01,  4.6298e-02, -1.1606e-01,  7.3164e-02,  2.9256e-01,
 -1.5257e-01,  5.6037e-03,  1.7533e-03, -2.0158e-01, -1.0156e-01,
 -1.6446e-01, -1.1525e-12, -2.4102e-01,  2.0608e-01, -1.0028e-01]
 from node1 in hidden layer1 to each node in hidden layer2 weights:
[ 2.3751e-01,  7.5928e-03, -1.0236e-01,  7.2596e-03, -3.2727e-02,
 -1.8971e-01,  7.2382e-02, -7.1098e-02,  4.5257e-02,  5.5449e-02,
 -1.8014e-01, -3.7791e-01,  1.2229e-01, -9.0628e-03, -1.7206e-01,
  2.2991e-01, -1.9347e-01,  1.0509e-01,  2.4472e-01, -1.4684e-01,
 -8.5803e-02, -1.7419e-01, -9.1205e-02, -2.0288e-01,  9.5646e-02,
 -2.1180e-01, -2.2964e-03,  2.5529e-01,  1.7161e-01,  9.2272e-02,
 -1.1409e-01,  6.1235e-02, -2.4929e-02, -3.3081e-02, -1.8687e-01,
  2.0491e-01, -3.6110e-02, -6.2819e-02, -5.8969e-02,  1.2977e-01,
  1.6982e-01,  1.0990e-01,  1.1941e-01, -2.3833e-01, -4.1414e-02,
  5.8928e-02, -1.7540e-12, -5.6278e-02,  1.5491e-01, -8.8839e-02]
 from node2 in hidden layer1 to each node in hidden layer2 weights:
[-5.6461e-02, -5.2694e-02, -9.3395e-02, -2.2260e-01,  3.0389e-01,
  1.8460e-01,  8.9214e-02, -1.1208e-01, -1.7781e-01, -1.8864e-01,
  9.6263e-44, -1.2640e-01, -3.1745e-01, -1.4164e-01, -4.4288e-01,
  9.4687e-02,  3.3952e-02,  1.2157e-01, -7.9800e-02,  1.4673e-01,
  9.7573e-02, -7.0352e-03,  6.1735e-02,  1.8702e-08,  6.0843e-03,
 -2.2439e-01,  1.4971e-01, -1.3203e-01,  3.5519e-02, -4.6456e-03,
 -5.4882e-01,  5.1762e-02, -2.5725e-02, -9.5529e-02,  8.5353e-02,
  3.3983e-01, -1.1385e-36,  2.3679e-01, -3.4057e-01,  2.5763e-01,
 -3.2669e-01,  1.6722e-01,  6.8653e-02,  2.3359e-01, -9.7416e-02,
  4.0797e-01,  2.9302e-29, -2.5737e-03, -2.1821e-01, -3.5486e-01]
 from node3 in hidden layer1 to each node in hidden layer2 weights:
[ 2.1630e-01,  1.3867e-01, -5.7153e-02, -1.2362e-01, -8.1019e-02,
  1.6278e-01,  7.8711e-02, -9.1608e-02, -1.7315e-01, -1.5470e-01,
  4.9439e-02,  1.0722e-01, -1.0192e-01, -2.2984e-01, -2.0491e-01,
  2.1103e-01, -1.0462e-01,  1.6330e-01,  3.0995e-02, -3.6318e-02,
 -1.8851e-01, -1.7971e-01,  5.7715e-02,  1.0944e-01,  6.8015e-02,
  1.4693e-02, -2.3104e-01,  2.3267e-01,  1.7856e-01, -1.3353e-01,
  2.5054e-01,  4.5827e-02,  2.4572e-03,  1.1770e-01,  1.8033e-01,
  6.5142e-02, -1.8891e-01, -7.3056e-02,  2.1359e-01, -1.2030e-01,
 -5.9105e-02, -3.8677e-02, -2.7750e-02,  6.2010e-02,  2.1477e-01,
 -2.0052e-01, -5.8723e-16, -1.5340e-01,  1.8702e-01,  6.4245e-02]
 from node4 in hidden layer1 to each node in hidden layer2 weights:
[-7.1387e-02,  1.2662e-01,  1.7347e-01,  1.6148e-01,  2.0610e-01,
 -1.6054e-01,  1.2483e-01,  3.2264e-02,  1.5264e-01,  8.7769e-02,
  5.9579e-22,  1.3532e-02, -9.3874e-02, -5.4275e-44,  1.9602e-01,
  2.7625e-01, -3.6306e-13, -6.0396e-02, -7.9715e-02, -2.4988e-02,
  1.0208e-02, -1.1597e-01,  1.7136e-02,  3.2322e-05,  1.1544e-01,
  3.4933e-02,  2.1763e-02,  1.3942e-02, -2.8650e-02, -3.3398e-42,
  1.1172e-01,  1.6372e-01,  5.0449e-02,  1.2894e-01, -4.1752e-01,
 -8.7179e-02, -3.2152e-12, -1.6196e-01,  1.1967e-01, -2.8920e-02,
 -1.7097e-01, -5.6926e-02,  2.8456e-01, -3.6820e-02,  2.1676e-02,
 -1.5065e-01,  3.2213e-38, -1.7970e-04,  4.3399e-02,  2.6404e-02]
 from node5 in hidden layer1 to each node in hidden layer2 weights:
[ 3.0762e-02, -1.5449e-01,  1.3885e-01, -2.4088e-01,  1.1908e-01,
 -1.0564e-01,  1.9675e-01, -8.1227e-02, -9.8150e-02, -2.0143e-01,
 -6.3597e-02,  6.2082e-02,  2.3146e-01, -5.6928e-02, -6.9558e-02,
  1.2198e-01,  1.6138e-01,  1.6110e-01, -1.9952e-02, -4.1051e-02,
  1.8245e-01, -3.0830e-01,  3.4424e-02, -8.0165e-02,  1.1847e-01,
 -2.3324e-01,  3.1760e-02, -2.9241e-02,  1.0826e-01,  2.8131e-03,
 -2.8010e-02,  4.8741e-03, -1.3328e-02,  6.1467e-02,  1.1837e-01,
  1.9388e-01, -1.0273e-01,  2.0578e-01, -2.4363e-02,  2.1118e-03,
 -2.3838e-01, -7.0766e-02,  1.6334e-01,  1.3217e-01,  1.5787e-01,
  2.2906e-01, -1.5906e-42, -1.9866e-03, -8.5454e-02, -2.2484e-01]
 from node6 in hidden layer1 to each node in hidden layer2 weights:
[-2.5821e-01, -6.4849e-02,  5.5379e-02,  2.1769e-01,  1.7564e-01,
  1.4027e-01,  2.8399e-02, -1.0809e-01,  5.1241e-02,  2.2519e-01,
 -7.9866e-16, -3.0787e-02,  9.0010e-02,  3.0515e-01,  3.2060e-02,
  1.2205e-01, -3.7093e-19, -9.7792e-03, -3.0537e-01, -2.7237e-01,
 -1.7521e-01,  1.1004e-01, -1.4722e-01,  4.5081e-04, -1.3038e-01,
  1.7018e-01, -1.0201e-01, -1.3380e-02,  1.9021e-01,  1.6771e-02,
 -3.1924e-01,  1.0564e-01,  1.3953e-01, -5.8877e-02, -1.1878e-01,
 -2.0942e-01, -5.8952e-27, -7.4718e-02, -6.4726e-02,  4.2667e-02,
  4.7032e-02, -1.5067e-01,  1.4718e-01, -2.2968e-01,  1.6526e-01,
  1.2788e-01,  3.5780e-13, -1.0822e-01, -3.3838e-01, -3.6374e-01]
 from node7 in hidden layer1 to each node in hidden layer2 weights:
[-1.1457e-01, -1.0889e-01,  2.0530e-01, -1.2311e-01, -1.0400e-01,
  1.6627e-01, -2.1608e-02,  2.1089e-01, -2.2732e-01,  6.2281e-03,
 -2.5219e-01, -1.0569e-01,  2.1797e-01, -2.3163e-01,  6.6422e-03,
 -3.7701e-02, -7.9288e-02,  2.3020e-01, -2.3421e-01,  5.9999e-02,
  1.8916e-01,  4.2492e-02,  2.1817e-01, -2.2947e-01, -3.8161e-02,
 -1.1553e-01,  8.9170e-02,  2.4544e-01, -7.8504e-02,  9.2881e-02,
 -1.4233e-01,  3.0312e-02, -2.0851e-02,  2.3112e-01,  8.5961e-02,
 -8.5432e-02, -1.9409e-01, -9.3781e-02, -1.2850e-01, -7.8867e-02,
  1.7857e-01,  2.2879e-02,  4.1584e-02, -1.7346e-01,  1.7300e-01,
  1.0367e-02, -6.1476e-14,  6.6140e-02,  3.1842e-02, -3.9666e-02]
 from node8 in hidden layer1 to each node in hidden layer2 weights:
[ 2.9240e-02, -6.4361e-02, -2.3370e-01,  2.5940e-01,  1.7092e-02,
 -3.4347e-02,  3.5297e-02,  7.9402e-02,  5.9507e-02,  3.0417e-02,
 -9.2358e-14, -4.1053e-02,  1.0485e-01,  3.5170e-02, -1.7877e-01,
  1.4451e-01, -7.6026e-02, -7.4470e-02, -2.5556e-01, -8.4979e-02,
 -1.2919e-01,  8.7373e-02, -9.1198e-02,  1.1827e-01,  2.3396e-01,
  2.3679e-01, -3.1703e-02,  8.4262e-02,  9.9622e-02, -5.2388e-02,
 -5.6447e-01, -1.5799e-01, -1.9794e-01, -1.8008e-02,  5.2787e-02,
 -1.5316e-01, -9.8964e-02,  2.2599e-01,  1.9693e-01, -3.4550e-01,
  1.6388e-01,  1.8971e-01,  2.2676e-02, -1.0001e-02, -1.7864e-01,
  7.0757e-01,  4.1437e-41,  5.3098e-02,  2.1422e-01, -2.6576e-01]
 from node9 in hidden layer1 to each node in hidden layer2 weights:
[ 2.3178e-01,  1.1476e-01, -1.4152e-01,  4.6447e-02,  7.4449e-02,
 -7.0657e-02,  1.4168e-01,  1.6956e-01, -1.2514e-01,  1.0379e-01,
 -1.5178e-01, -2.5431e-01, -1.6495e-01,  2.5846e-01,  4.2154e-02,
 -1.1869e-01, -2.7357e-02,  1.7062e-01, -6.6575e-02,  2.0617e-01,
  1.6955e-01, -4.6197e-02,  1.9941e-01, -5.6601e-02,  2.0362e-01,
  4.6011e-02,  4.1699e-02, -1.6703e-01,  2.8803e-01, -2.9765e-01,
 -3.3115e-01, -2.7625e-01,  9.0570e-02, -2.5721e-02,  9.0747e-02,
  2.6600e-01, -1.1619e-01,  1.5645e-01, -1.8129e-01,  2.9158e-01,
  1.2001e-01,  2.3673e-02,  1.7771e-01, -5.9701e-02,  3.0074e-02,
  1.5295e-01, -8.2569e-44, -3.0331e-03, -1.3406e-02,  1.7762e-01]
 from node10 in hidden layer1 to each node in hidden layer2 weights:
[-4.7692e-02, -7.0597e-02,  1.0670e-01,  1.6676e-01,  3.6549e-03,
  5.1168e-02, -2.0800e-01, -1.0517e-01, -3.5920e-02,  1.4032e-01,
  1.3788e-05,  1.2992e-01, -2.9395e-04,  7.6299e-02, -6.5131e-02,
  2.0156e-01,  4.3828e-02,  2.9386e-02,  2.8630e-02, -1.4074e-01,
 -9.1102e-02, -2.1333e-01, -1.8999e-01,  1.4897e-01, -1.6558e-01,
  1.2780e-01, -1.4418e-01,  2.6872e-02,  2.0223e-01,  1.2789e-01,
 -2.5424e-01, -1.7158e-01, -3.1933e-01, -8.2927e-03,  1.7822e-01,
  4.6725e-02,  1.3246e-01,  2.5948e-01,  1.1013e-01, -1.3131e-01,
 -1.5115e-01,  2.0117e-01,  2.5969e-01,  1.0713e-01, -1.6731e-01,
 -6.2878e-02, -7.5099e-44,  2.1881e-01, -2.1853e-02, -6.8779e-02]
 from node11 in hidden layer1 to each node in hidden layer2 weights:
[ 2.3612e-01, -2.1003e-01, -4.9318e-02, -2.1470e-01,  1.0035e-01,
  1.4555e-01, -8.4441e-02,  2.9548e-01, -1.1519e-01,  1.7035e-01,
  9.7542e-02,  2.4471e-01, -2.3427e-01,  1.7060e-01,  1.2673e-01,
 -4.1768e-02,  1.4273e-01, -1.3367e-01,  1.7344e-01, -1.8684e-01,
  5.9664e-02,  7.1614e-02, -1.7414e-01, -1.3825e-01, -2.1909e-01,
  8.4876e-03, -1.1773e-01,  7.9144e-02, -1.4877e-01, -9.2954e-02,
  9.3020e-02, -2.0056e-01,  1.7135e-01,  1.8475e-01,  9.3969e-02,
 -1.7082e-03,  1.7581e-01, -1.4754e-02, -1.8422e-01, -1.0872e-01,
  1.6774e-01, -2.5092e-01,  6.9241e-02,  2.2776e-01,  1.6412e-01,
 -2.8254e-02, -8.3377e-14,  9.9445e-02,  1.0764e-01, -1.9783e-03]
 from node12 in hidden layer1 to each node in hidden layer2 weights:
[-1.8333e-01,  1.5003e-01,  5.9902e-02,  1.8639e-01,  1.7207e-01,
 -3.2672e-02,  3.4283e-02,  9.2209e-02, -1.0195e-01,  3.1520e-03,
  9.8657e-02, -1.8503e-02,  2.3179e-01, -2.4946e-02,  9.2400e-02,
  6.4653e-02,  3.1058e-02,  7.5359e-02, -1.7743e-01,  1.7574e-02,
 -2.6690e-01,  1.1739e-02,  2.0308e-02,  5.4229e-02,  2.4582e-01,
  7.6590e-02,  1.1986e-01,  2.9273e-02, -6.9405e-03, -1.5128e-01,
  2.2076e-02, -4.3771e-02, -9.3114e-02, -1.8425e-01, -9.3098e-02,
 -1.7071e-01,  2.0938e-01, -1.5710e-01,  2.2993e-02, -2.6111e-01,
  8.1964e-02, -1.3170e-01, -1.9518e-01,  5.6596e-03, -2.5595e-01,
 -1.0470e-01, -1.4042e-21, -2.5913e-01, -1.3570e-01, -1.5489e-01]
 from node13 in hidden layer1 to each node in hidden layer2 weights:
[ 1.8816e-01,  1.1570e-01,  8.4012e-03, -2.5644e-02,  1.7798e-01,
 -4.9822e-03, -2.2482e-01,  4.4867e-02, -2.1186e-01, -4.7228e-02,
 -7.0838e-04,  2.1863e-01, -1.1971e-02,  7.7162e-02,  2.1195e-01,
 -2.3065e-01,  2.8226e-27,  4.1146e-03,  2.4524e-02, -1.1940e-01,
  3.1253e-01,  7.2660e-02,  3.2408e-02, -9.0190e-02,  1.3765e-01,
  1.9676e-01,  1.5097e-01, -2.5966e-01,  1.5182e-01, -4.8145e-02,
 -3.5891e-02, -2.3712e-01, -4.6674e-02,  1.1675e-01, -1.4732e-01,
 -7.4384e-03, -4.0390e-03, -5.2680e-02, -1.9516e-01,  7.6215e-02,
  1.1707e-01, -2.2898e-01, -1.4943e-01, -4.4720e-02,  2.3549e-01,
  1.1591e-01,  1.2187e-32, -1.1796e-01,  3.2562e-02, -2.3501e-01]
 from node14 in hidden layer1 to each node in hidden layer2 weights:
[ 6.1101e-02,  2.0071e-01,  7.9527e-02,  1.1686e-01,  9.0541e-02,
 -7.8773e-02,  1.9560e-01, -1.5415e-01, -3.0128e-03, -1.4024e-01,
 -1.7185e-01,  4.0466e-02, -9.4794e-02,  3.8321e-02,  1.8858e-02,
 -1.5209e-01, -1.6734e-02,  1.3472e-01, -1.1769e-01,  1.3442e-01,
  5.5711e-02,  1.6336e-01,  9.4576e-02, -4.0690e-02,  8.1974e-02,
 -1.1476e-01, -1.1221e-01,  1.3690e-01,  1.2290e-02,  1.6496e-01,
  2.5181e-02,  1.7076e-01,  1.1811e-01, -2.1668e-02, -5.6664e-02,
 -1.5421e-02, -5.3932e-02,  1.6697e-01,  9.0727e-02,  5.7950e-02,
 -6.2968e-02, -1.8359e-01,  7.6586e-02, -1.1788e-01,  1.7959e-01,
 -8.8186e-02, -1.7338e-17, -2.1744e-02,  1.5856e-01,  1.1771e-01]
 from node15 in hidden layer1 to each node in hidden layer2 weights:
[-9.5664e-02, -1.7691e-01, -3.1966e-02, -1.2320e-01, -4.8874e-03,
  7.0281e-02, -8.5460e-02, -9.9037e-02,  2.2546e-01, -1.1178e-03,
  5.2875e-02,  3.9292e-02, -2.8590e-02, -3.4667e-01, -2.2374e-02,
  2.9708e-01, -3.9114e-02, -1.5187e-01, -1.9624e-01, -1.8246e-02,
 -1.4768e-01, -2.5638e-01,  1.0806e-01, -2.6114e-02, -1.2371e-01,
  1.7427e-01, -2.3885e-01,  2.1187e-01,  3.4297e-03,  3.6255e-01,
 -1.1672e-02,  1.3847e-01,  1.9540e-01, -3.4010e-02,  2.7063e-01,
  3.4234e-02, -3.7323e-02, -6.1251e-02, -4.9503e-03,  4.3361e-02,
  8.7838e-03,  4.3446e-02,  1.2550e-01,  1.9644e-01, -1.6013e-02,
 -3.8456e-02,  1.9455e-26,  3.0261e-02, -1.4329e-01,  2.0590e-03]
 from node16 in hidden layer1 to each node in hidden layer2 weights:
[-2.8618e-02,  2.4547e-01,  8.0219e-03, -1.0482e-01,  5.3388e-02,
 -7.6292e-02, -1.5233e-02,  1.2083e-01, -3.0692e-02, -1.5869e-01,
  1.8590e-01,  2.2190e-01,  8.7519e-02,  4.7415e-02,  7.0208e-02,
 -1.6881e-01, -2.2390e-02, -1.5622e-01,  6.2199e-02,  2.0832e-02,
 -9.9498e-02,  2.6276e-01,  2.1421e-01,  8.8101e-02,  2.7361e-02,
  1.9059e-01, -1.8402e-01,  1.6378e-01, -7.1723e-02,  1.0093e-01,
 -1.0009e-01,  1.9055e-01,  1.6704e-01, -1.2094e-01, -2.0573e-02,
  1.6932e-01, -1.2513e-02,  2.3886e-01,  5.6687e-02,  4.1347e-02,
 -8.1538e-02, -1.4699e-01,  2.4135e-01, -2.7973e-02,  1.3619e-02,
 -6.9524e-02,  3.9542e-41,  1.9932e-01,  2.5732e-01,  7.0389e-02]
 from node17 in hidden layer1 to each node in hidden layer2 weights:
[ 1.7362e-01,  1.0737e-01,  1.9066e-02,  2.4461e-01, -1.2778e-01,
 -1.5877e-01,  1.8938e-01,  6.1061e-02,  1.5527e-01,  1.5281e-01,
 -2.1784e-01,  1.9385e-01, -1.8112e-02, -1.5088e-02,  8.6191e-02,
  1.6914e-01, -1.9909e-01, -1.2439e-02,  8.5285e-02,  1.5119e-02,
  8.8748e-02, -1.4024e-01, -8.1519e-02, -8.3518e-02,  1.6449e-01,
 -9.0705e-02, -1.5200e-01,  2.4380e-01, -2.2874e-01,  3.0169e-01,
  1.8261e-01,  1.7246e-01, -1.2717e-01, -2.6328e-01,  7.0107e-02,
  1.8001e-01,  1.0518e-01, -1.9710e-01,  1.4647e-01,  9.3457e-02,
  1.0069e-01,  1.0428e-01,  1.0368e-01,  3.9228e-02, -2.0054e-01,
 -4.8673e-02, -2.8225e-14, -3.6555e-02, -1.1092e-01, -9.1666e-02]
 from node18 in hidden layer1 to each node in hidden layer2 weights:
[-5.3156e-02, -8.7405e-02,  2.4705e-01,  1.7533e-01, -1.5992e-01,
  2.3151e-01,  1.2268e-02, -7.5345e-02, -2.1780e-01,  3.1155e-02,
  1.0645e-01,  1.4221e-01, -1.0638e-01, -2.6057e-01, -6.4995e-02,
  2.8432e-02, -9.6022e-23,  4.1058e-02,  6.0777e-02,  3.1413e-01,
 -2.1307e-01,  2.0977e-01, -8.4311e-02, -6.3185e-03, -1.3449e-01,
  6.8766e-02,  2.3927e-01,  4.8875e-02, -2.0033e-01, -4.5834e-02,
 -1.9682e-01,  1.8560e-01, -8.2292e-03, -1.0030e-01,  1.4787e-01,
 -8.8389e-02, -7.6697e-02,  5.9001e-02, -1.3055e-01, -9.3722e-02,
  1.5021e-01,  1.3403e-01,  5.9709e-02,  1.1868e-02, -1.9170e-01,
  6.1639e-02,  6.9256e-27,  1.3216e-02, -1.5387e-01, -1.1667e-01]
 from node19 in hidden layer1 to each node in hidden layer2 weights:
[-1.1708e-02, -2.2313e-01,  1.3461e-01, -9.4583e-02, -1.6046e-01,
  6.1514e-02, -2.2963e-01, -6.5180e-02,  8.9893e-02, -1.2827e-01,
  1.2503e-01, -3.3491e-01, -1.2058e-01,  1.2733e-01, -7.9792e-02,
 -2.2905e-01, -6.5931e-02, -6.2426e-02,  1.6515e-01, -5.7522e-04,
  2.3530e-02,  1.7936e-01, -3.9855e-02,  1.6056e-01, -7.0118e-02,
  2.1875e-01, -1.3359e-01,  8.0135e-02,  4.5892e-02,  3.6099e-02,
  6.1821e-02,  8.7476e-02, -2.6733e-01, -2.0647e-01,  9.0795e-02,
  1.9290e-02,  2.0414e-01, -3.1361e-02,  2.1349e-01,  1.3048e-01,
 -1.0002e-01, -1.8745e-01,  8.6747e-02,  7.9037e-02, -1.8719e-01,
 -6.4654e-02,  3.6240e-13,  6.5834e-03,  1.4207e-02, -1.9677e-01]
 from node20 in hidden layer1 to each node in hidden layer2 weights:
[-1.2969e-01, -3.6876e-02, -6.5709e-02, -2.5682e-01,  1.2412e-01,
 -1.5049e-02,  1.6566e-01,  2.3414e-01, -1.5489e-01,  9.8107e-02,
 -3.5845e-02,  2.1348e-01, -1.1684e-01,  2.8786e-03,  5.5114e-02,
 -1.0755e-01, -1.5637e-01,  1.1911e-01,  1.1290e-01, -1.1665e-01,
  3.8134e-02, -2.5578e-02,  1.1371e-01, -1.4874e-01,  1.9718e-01,
 -9.6557e-02, -9.9075e-02, -2.0416e-01, -1.8696e-01, -3.0429e-02,
 -7.1298e-02,  1.6889e-01, -2.7442e-01, -9.5050e-02,  1.2201e-02,
 -2.8199e-01, -1.7319e-01,  5.1031e-03,  9.2653e-03, -1.0448e-01,
  2.4292e-02,  4.7095e-02, -1.5827e-01, -7.5574e-03,  2.1955e-01,
 -5.7977e-02,  1.7321e-32, -2.0469e-01,  1.2285e-01,  1.1067e-01]
 from node21 in hidden layer1 to each node in hidden layer2 weights:
[ 7.9077e-02,  2.1650e-01, -1.3754e-01, -2.2036e-01,  2.3612e-01,
  1.5438e-01, -1.6247e-01, -1.7740e-02, -2.4960e-01, -1.2149e-02,
  9.9065e-02, -9.2301e-02, -4.2772e-02, -1.2379e-01, -1.8108e-01,
 -9.9102e-02,  1.6601e-02,  1.1776e-01,  8.6511e-02, -2.2224e-01,
  2.1913e-01,  1.8451e-01,  1.5997e-01, -2.0854e-02, -3.2351e-02,
 -7.1219e-02, -1.8353e-01, -1.1226e-01, -2.5254e-01, -1.9041e-01,
  1.2525e-01,  5.2341e-03, -2.6247e-01,  2.4562e-01,  1.5942e-01,
  7.3687e-02,  2.0667e-01, -1.7288e-02,  2.4991e-01, -1.1089e-01,
 -1.6858e-02, -1.3674e-01, -1.7391e-01, -3.0625e-01,  6.4297e-02,
  1.0089e-01,  4.4341e-41, -5.8456e-02,  1.2840e-01,  1.1608e-01]
 from node22 in hidden layer1 to each node in hidden layer2 weights:
[-7.5132e-02,  5.9884e-02, -1.5421e-01, -9.9470e-02,  1.7356e-01,
 -1.5733e-01,  3.3304e-02,  2.6766e-01,  7.3139e-02, -2.7422e-01,
 -1.3548e-01, -2.1372e-01,  6.0338e-02, -7.4568e-02, -9.4227e-02,
  2.2977e-01, -1.4438e-44, -1.5520e-01,  1.3943e-02, -3.4422e-02,
 -1.5379e-01, -2.0012e-02,  1.9944e-01, -1.3561e-02,  7.1080e-02,
  1.7547e-02, -3.3415e-01, -8.8557e-02, -7.8242e-03, -8.3230e-02,
 -4.0390e-01,  2.1010e-01,  2.4149e-01,  1.4512e-01,  1.0195e-01,
 -5.7280e-02,  1.1784e-06,  1.6180e-01,  2.6981e-01,  3.3773e-01,
  1.4195e-01,  1.7365e-01,  1.7359e-01, -1.5870e-01, -1.1283e-01,
 -7.2472e-02, -4.0474e-14,  8.6344e-02,  3.1542e-01,  6.5030e-02]
 from node23 in hidden layer1 to each node in hidden layer2 weights:
[ 1.1156e-01,  1.5527e-01,  1.8720e-01,  2.2106e-01, -1.7274e-02,
  1.6747e-02,  1.4951e-01, -1.6662e-02, -2.3896e-02,  8.2554e-02,
 -1.2174e-01,  9.6090e-02,  9.1126e-02, -1.5343e-01,  7.5397e-02,
  1.3115e-01, -3.4184e-48, -3.1569e-01, -2.3308e-01, -9.0255e-02,
  1.5452e-01, -6.7971e-02,  8.8852e-02, -1.1888e-01, -6.4931e-02,
  1.9652e-01,  9.9413e-02, -1.7272e-01, -1.2156e-01,  8.4721e-02,
 -6.8638e-02,  9.7931e-02, -2.0249e-01, -4.7949e-02, -2.0951e-01,
  2.8105e-01,  2.2708e-01, -7.3690e-02,  1.5566e-01,  1.1189e-01,
 -3.1129e-02,  9.8382e-02,  2.4878e-01,  1.9735e-01,  6.5426e-03,
  1.0540e-01,  4.6461e-21,  2.4493e-01,  9.4285e-02, -7.9060e-02]
 from node24 in hidden layer1 to each node in hidden layer2 weights:
[ 3.3304e-02, -2.9889e-02, -1.0407e-01,  1.6877e-01, -2.0307e-01,
  6.5723e-02, -1.6116e-01, -2.3925e-01, -2.3698e-01, -8.0575e-02,
  6.3419e-02,  1.1564e-03,  1.8819e-01,  1.6128e-02, -7.6368e-02,
  9.3345e-02, -4.5954e-03,  1.4643e-01, -8.2021e-02, -3.8614e-02,
  2.0623e-01,  1.8116e-01,  1.6971e-01, -4.1362e-02,  1.1025e-01,
 -3.8314e-02, -2.7032e-02, -1.5314e-01,  9.9040e-02,  1.1269e-01,
 -2.4907e-02,  1.4817e-01, -1.2303e-01, -1.4645e-01, -2.3187e-01,
  3.1254e-01,  4.2933e-03, -1.0491e-02,  1.2993e-01,  2.6919e-01,
 -1.1211e-01,  1.0657e-01,  9.2412e-02,  7.9612e-02, -1.5752e-01,
  1.0155e-01,  6.7717e-44,  3.5842e-02, -5.9934e-02, -1.4564e-01]
 from node25 in hidden layer1 to each node in hidden layer2 weights:
[-1.6642e-01,  1.6224e-01, -2.3448e-01, -6.4645e-02,  3.2552e-02,
 -2.4528e-01,  2.3410e-01, -3.6850e-02, -1.0855e-01, -5.2790e-02,
 -1.5307e-01, -1.5402e-01,  1.0552e-01,  2.3344e-01, -1.6532e-01,
  9.5726e-02,  1.0076e-01,  1.8893e-01,  2.1817e-03, -1.8518e-02,
 -1.0488e-01,  1.2197e-01,  1.5879e-01, -1.6220e-01, -6.9154e-02,
  1.9933e-01,  1.3323e-01,  2.4130e-01,  1.4293e-01, -9.0528e-02,
 -1.3329e-01,  7.5041e-02, -2.5576e-01,  6.7211e-02,  7.1076e-02,
 -2.2777e-01,  1.1820e-01,  2.2804e-01,  2.2751e-01, -8.9525e-02,
 -1.0416e-01,  4.7790e-02,  6.9908e-02,  1.1656e-01,  1.1764e-01,
 -1.7123e-01, -1.1200e-45,  8.7629e-02,  2.7675e-02,  3.0861e-01]
 from node26 in hidden layer1 to each node in hidden layer2 weights:
[-7.0008e-03,  2.5833e-01,  2.5178e-01, -1.4393e-01,  3.7772e-01,
  3.1494e-01, -5.4875e-02, -5.3213e-02, -1.2511e-03,  6.0083e-01,
 -7.6798e-20, -5.6753e-02,  6.6085e-02, -7.3363e-02, -1.9482e-02,
  2.2249e-02, -4.6872e-27,  1.8532e-01,  6.5730e-02,  9.4063e-02,
 -4.0848e-01, -2.7199e-01, -1.0730e-02,  3.6345e-02, -1.9143e-01,
 -3.7522e-01,  7.1259e-02, -3.7560e-01, -4.7963e-02, -1.3524e-01,
 -1.7393e-02, -2.3651e-01, -2.8730e-01,  2.0513e-01,  1.2780e-01,
 -2.3339e-01, -2.0016e-13, -1.9075e-01, -4.9369e-02, -5.9200e-01,
 -2.9528e-01,  3.3082e-01, -5.7977e-02,  7.3308e-02, -6.3903e-02,
  1.1092e-02, -1.2449e-17, -3.5376e-02, -4.8851e-02,  6.1651e-02]
 from node27 in hidden layer1 to each node in hidden layer2 weights:
[ 1.0119e-01,  1.8635e-01, -1.1503e-01,  4.5971e-02,  1.1456e-02,
  1.8698e-01,  2.1255e-01, -1.7405e-01,  7.1095e-02, -2.3177e-01,
  4.2166e-03, -7.0043e-02, -9.0900e-02, -9.9672e-02,  7.1888e-02,
 -3.7906e-02,  9.4131e-02, -7.5208e-03, -2.0371e-01,  1.6686e-01,
 -4.2821e-02, -1.2015e-02,  1.0598e-01, -9.6309e-02, -2.0378e-01,
 -4.8294e-02,  1.8794e-01,  9.4493e-02,  1.0006e-01,  4.2047e-02,
 -4.7624e-02, -2.8564e-02,  7.7162e-02, -1.7864e-01, -8.3595e-02,
 -6.7942e-02, -4.3858e-02,  1.7513e-01, -1.9782e-01,  1.3779e-01,
 -1.4519e-01,  2.0425e-01, -1.7343e-01, -6.4103e-02,  1.0183e-01,
  8.7483e-02, -3.9492e-41, -7.3067e-03, -4.2055e-02, -1.0908e-01]
 from node28 in hidden layer1 to each node in hidden layer2 weights:
[-1.3714e-01, -9.3995e-03, -8.8728e-02, -9.8666e-02,  7.6702e-02,
  2.9186e-01,  4.3836e-02, -1.7132e-01, -2.1847e-01,  3.0210e-01,
 -1.0377e-01, -2.4100e-01,  1.2536e-01,  2.1740e-02,  3.1102e-02,
 -1.5851e-01, -1.0017e-01,  2.8747e-01, -1.4996e-01,  1.0814e-01,
  2.7478e-02,  4.8321e-02, -9.6058e-02, -1.4262e-01,  4.0703e-02,
  1.7316e-01,  2.1024e-01, -1.9257e-01, -1.0452e-01,  2.1350e-01,
  2.0804e-01,  1.7396e-01, -1.2317e-01, -4.2899e-02,  8.2068e-02,
 -4.1924e-02, -4.3099e-02, -4.0733e-01,  3.7284e-02, -2.3606e-01,
 -2.5924e-02,  2.0333e-01, -1.3918e-01,  1.7200e-01, -9.5457e-02,
 -1.1580e-01,  1.3800e-12, -3.4315e-01, -3.2498e-01, -1.3899e-01]
 from node29 in hidden layer1 to each node in hidden layer2 weights:
[-1.6553e-01,  2.0909e-01,  2.2327e-01, -2.8413e-02, -8.0570e-02,
  5.8431e-02,  7.4701e-02, -2.6269e-01,  3.2125e-02,  7.2897e-02,
  3.8496e-02, -5.7510e-03,  7.3976e-02, -9.1206e-15, -1.9165e-01,
  2.3135e-01,  6.2314e-03, -5.2021e-02, -1.5182e-01, -1.4580e-01,
 -8.7201e-02, -1.6845e-01, -2.3079e-01, -8.5802e-03,  7.7271e-02,
  2.1115e-02,  6.2453e-02, -2.1901e-01,  2.2979e-01,  7.4828e-18,
 -1.4807e-02,  9.8503e-02,  1.8525e-01,  6.1811e-02, -7.2969e-03,
  7.5659e-02,  2.0108e-26,  1.9463e-01, -2.0496e-02, -2.1056e-01,
 -8.6801e-02,  1.8963e-01,  4.2381e-02,  4.0640e-02, -8.1091e-02,
  8.9806e-02,  2.8600e-15, -5.9642e-02,  4.6134e-02, -4.2983e-02]
 from node30 in hidden layer1 to each node in hidden layer2 weights:
[ 9.0801e-02, -1.4931e-01,  8.6758e-02,  2.2253e-02, -1.0549e-02,
 -5.3952e-03,  2.4377e-01, -5.1149e-02,  1.4568e-01, -9.8905e-02,
 -3.5215e-02, -4.3431e-01, -1.0236e-01, -9.2944e-03, -1.9503e-01,
 -8.2319e-03,  1.7065e-01, -2.3314e-01,  1.7034e-01, -1.3104e-01,
  3.1231e-02, -5.9811e-02, -1.3679e-01, -1.6827e-01, -1.8130e-01,
 -1.2138e-01,  7.1915e-02,  2.1904e-01,  8.7429e-02, -2.5185e-03,
 -1.4141e-01, -7.5705e-02, -6.8647e-02, -1.0133e-01, -7.6292e-03,
  1.2039e-02, -6.1938e-02,  2.6916e-02,  1.8832e-01,  6.6024e-03,
 -6.4993e-02,  1.7942e-01,  2.1653e-01, -1.1747e-01, -7.5189e-02,
 -6.4700e-02,  1.1874e-13,  1.9602e-01, -1.7326e-01, -1.2777e-01]
 from node31 in hidden layer1 to each node in hidden layer2 weights:
[ 2.6623e-03,  2.8842e-02, -1.2128e-01,  1.4743e-01,  1.1725e-01,
  1.6957e-01,  1.6398e-01,  1.7965e-01, -4.3652e-02,  5.7635e-02,
 -1.7758e-01,  1.1894e-01, -1.6785e-01,  1.5379e-01, -1.3091e-01,
 -1.7133e-01, -1.3555e-01, -1.8763e-01,  1.0933e-01,  1.0448e-01,
  2.3994e-02, -1.4985e-01, -2.1355e-01, -2.3520e-01, -1.8110e-01,
  1.7989e-01, -1.2208e-01, -7.2574e-02, -2.2172e-01, -7.8061e-02,
 -1.1797e-01,  3.7386e-02, -1.8105e-01, -1.8430e-01, -5.4228e-02,
 -1.1296e-01, -1.3390e-01,  2.3003e-01,  4.5072e-02, -3.2406e-02,
 -4.6985e-02, -4.1618e-02,  2.8340e-02,  1.1821e-01,  9.8069e-02,
 -1.2996e-01, -4.9055e-49,  9.6658e-02,  1.8480e-01,  2.0344e-01]
 from node32 in hidden layer1 to each node in hidden layer2 weights:
[ 3.1274e-02, -9.6111e-02,  8.4550e-02, -1.8050e-01,  6.3087e-02,
  1.7908e-02,  2.5562e-02, -2.1343e-01, -7.0087e-02,  2.2402e-01,
 -1.8382e-20,  1.0017e-01, -9.0811e-02, -7.0785e-02,  7.8214e-02,
 -2.4981e-01, -1.8088e-45,  1.2272e-02,  1.5374e-01, -4.4838e-02,
 -1.5236e-01, -2.2825e-01,  4.5366e-02,  1.1193e-02,  9.3914e-02,
  8.7674e-02,  2.4468e-01, -7.4162e-02, -3.9720e-02, -1.3431e-01,
 -2.7938e-01, -2.1056e-01,  1.3092e-01,  1.5434e-01, -3.4064e-02,
 -2.0685e-01, -1.1786e-07,  1.0355e-01,  1.3378e-01, -1.1339e-01,
 -2.9363e-01,  3.0005e-01,  5.4852e-02,  6.1225e-02,  2.9647e-01,
  2.4943e-01,  2.8654e-35,  1.5750e-01, -1.6212e-02,  2.5462e-01]
 from node33 in hidden layer1 to each node in hidden layer2 weights:
[ 2.1496e-02,  2.2072e-01,  3.4778e-03, -2.9989e-02, -1.7464e-01,
 -6.8274e-02, -8.6881e-02, -1.5774e-01, -8.4269e-02, -5.1859e-02,
 -2.6141e-02,  1.8915e-01,  6.3320e-02,  2.4072e-02, -1.8651e-01,
 -1.4919e-02, -1.0321e-15, -3.0683e-01,  1.6682e-01,  6.0016e-02,
  9.4247e-02, -2.1149e-01,  1.0623e-01, -6.0869e-02,  1.0762e-01,
  9.8843e-02,  6.0879e-02, -1.7824e-03, -2.3592e-01,  4.3227e-02,
 -2.1010e-01,  8.3095e-02, -1.8732e-01, -1.0558e-01,  2.5871e-01,
  1.0938e-01,  8.8311e-15,  1.6076e-01,  2.5491e-02,  5.8913e-02,
  1.6559e-01,  9.7245e-03,  8.0457e-02, -1.0412e-01,  3.6245e-02,
  5.5948e-03,  7.7409e-27,  8.5954e-02, -6.0731e-03,  1.9457e-01]
 from node34 in hidden layer1 to each node in hidden layer2 weights:
[-1.0881e-01, -3.3867e-03,  1.6340e-01,  2.0292e-02, -1.4167e-01,
 -2.3061e-01,  1.1251e-01, -5.9708e-03,  1.4257e-01,  6.4239e-02,
  1.1611e-01, -1.3241e-01,  1.2071e-01, -7.0943e-02,  2.1402e-01,
  6.5521e-02, -6.3977e-02, -2.5906e-02, -1.1821e-01,  5.1172e-02,
 -6.5687e-02,  7.4884e-02, -9.7454e-02,  6.8305e-02,  1.6820e-01,
  1.5297e-01,  1.0564e-01, -1.2302e-01, -8.5850e-02,  1.3939e-03,
 -8.6724e-02, -1.7532e-02, -2.1012e-01, -9.8391e-02, -2.2759e-01,
  1.5581e-01, -1.2993e-01,  1.6505e-01, -1.9905e-01,  1.4456e-01,
 -6.6557e-02,  1.7025e-01,  2.2932e-01, -9.4706e-02,  1.7915e-01,
  1.2525e-01,  1.4279e-18,  1.5154e-01, -5.9413e-02,  6.2024e-02]
 from node35 in hidden layer1 to each node in hidden layer2 weights:
[-2.7321e-01, -1.1516e-01,  3.1004e-01, -6.1902e-02,  1.3688e-01,
  2.2553e-01,  1.1859e-01,  2.2323e-01, -1.4008e-01, -1.8527e-01,
 -5.8799e-02, -2.2783e-01, -1.6306e-01, -1.4176e-01,  7.2999e-02,
 -1.6986e-02, -5.3033e-04,  1.3302e-01, -1.8171e-01, -1.5209e-01,
  1.4395e-01,  1.1219e-02,  7.4306e-02, -2.4140e-01,  1.1001e-01,
 -1.7717e-05,  8.8844e-02,  1.1912e-02,  2.3418e-01,  5.2281e-02,
  1.9742e-01,  1.8128e-01,  1.5033e-01, -9.5571e-02,  1.2971e-01,
 -9.8534e-03, -1.0921e-01, -1.4586e-01,  1.5992e-01,  2.7220e-01,
 -1.3092e-01,  5.9324e-02, -2.4607e-01,  2.9429e-01,  3.2823e-01,
  8.6615e-02,  7.2863e-20,  5.0281e-02, -9.6560e-02, -2.2205e-01]
 from node36 in hidden layer1 to each node in hidden layer2 weights:
[-5.9099e-02,  8.3627e-02,  8.4888e-02, -5.8813e-02,  2.0708e-01,
 -1.2989e-01, -3.6203e-03,  6.3109e-02,  8.4797e-02,  8.8486e-02,
 -1.4110e-04, -2.5578e-01,  5.5503e-02,  5.7124e-02, -2.1708e-01,
  1.3559e-01,  4.1248e-44,  4.0500e-02,  1.4025e-01, -2.1740e-01,
 -2.4155e-01,  1.1770e-01,  5.0777e-02,  8.3764e-02,  1.5785e-01,
  1.4269e-01,  1.8578e-01,  1.4748e-02,  3.5168e-02,  3.5003e-03,
 -1.7477e-01,  3.1011e-02, -1.3233e-01,  1.7713e-01,  1.1110e-01,
 -7.2871e-03, -2.5910e-35, -8.4919e-02, -2.3999e-01,  9.3679e-02,
 -2.0398e-01,  4.3433e-02,  2.2757e-01,  1.5596e-01,  7.6247e-02,
 -9.0299e-02,  1.2098e-16, -1.5975e-01, -1.4498e-01, -2.3581e-02]
 from node37 in hidden layer1 to each node in hidden layer2 weights:
[-1.6740e-02,  3.5017e-03,  3.3465e-02, -8.7711e-13,  2.2603e-02,
 -2.6389e-07,  1.1837e-03,  3.2414e-04,  1.8312e-02, -2.8291e-02,
 -2.2835e-35, -6.4607e-14,  3.6352e-06,  4.5451e-19,  1.0516e-03,
  1.7078e-02, -1.5427e-14, -1.4425e-04, -1.2126e-05, -3.8244e-03,
 -1.8338e-22,  2.6033e-04, -2.4499e-02, -3.9729e-15, -3.0589e-04,
 -1.1421e-02,  1.0729e-12,  4.1086e-03, -1.4178e-04, -1.5081e-42,
 -6.2290e-03,  1.1100e-04, -2.5949e-04, -8.6207e-03, -1.7348e-03,
 -4.1666e-04, -4.1805e-26, -4.4222e-03,  7.0458e-03, -1.1419e-03,
 -6.8195e-03,  4.9836e-05, -1.6457e-02, -9.1871e-05,  1.0682e-04,
 -1.6419e-17, -1.8729e-14, -3.1671e-04,  2.0051e-04,  2.5574e-04]
 from node38 in hidden layer1 to each node in hidden layer2 weights:
[ 1.1645e-01, -6.7340e-02,  6.0310e-02, -3.8868e-03, -1.4585e-01,
  1.3992e-01, -1.5125e-01, -1.2401e-02, -2.1549e-01, -2.3850e-02,
 -9.0663e-02,  1.3894e-01, -2.2568e-01, -1.1129e-01, -6.5165e-02,
  6.1876e-02,  2.3245e-02,  1.6266e-01,  1.4454e-01,  1.8330e-01,
 -1.4276e-01, -2.7879e-02,  1.2839e-01,  2.0812e-01,  1.4814e-01,
 -1.0609e-01, -1.3566e-01, -5.0296e-02,  2.0987e-01, -5.9587e-02,
 -2.0328e-01,  1.2244e-01, -1.1864e-01,  1.5204e-01,  2.4534e-02,
 -6.2831e-02, -2.6503e-02,  2.2469e-01, -2.1096e-01,  1.3243e-01,
  1.7788e-01, -1.2833e-01,  1.1612e-01,  7.5655e-02,  4.3221e-02,
  3.4462e-02, -1.6641e-22,  6.5263e-02, -2.4353e-02,  7.6579e-03]
 from node39 in hidden layer1 to each node in hidden layer2 weights:
[-1.2491e-01,  5.5516e-02, -1.5290e-01, -1.1301e-01, -2.6768e-01,
 -1.9565e-01,  1.5084e-01, -8.5308e-02,  1.9641e-01,  1.4309e-01,
  3.4391e-03, -2.7890e-01, -9.6975e-03,  9.9645e-02, -7.8704e-02,
 -6.9648e-03,  1.1021e-42,  2.2548e-01,  2.8985e-01, -2.7703e-01,
  7.6507e-02, -1.5923e-01, -1.4016e-01,  1.6848e-01, -1.1774e-01,
 -1.2036e-01, -2.4025e-01,  1.7418e-01,  1.8479e-01, -1.6579e-01,
 -5.1254e-02, -1.6756e-01, -1.2714e-02,  1.9785e-02, -2.2065e-02,
  2.7621e-02,  9.5731e-02, -8.4920e-03, -1.4067e-01,  4.8055e-02,
 -1.4610e-01,  1.6241e-01,  2.9790e-02, -2.9521e-02,  1.1209e-01,
  2.3493e-01,  8.9497e-46, -2.5161e-02,  1.0196e-01,  3.9803e-01]
 from node40 in hidden layer1 to each node in hidden layer2 weights:
[ 1.5512e-01, -5.1575e-02,  1.4859e-01, -1.9108e-01, -2.3740e-01,
 -5.9456e-02, -5.3918e-02,  1.0581e-01,  4.1843e-02,  1.9215e-01,
 -8.1117e-03,  1.3026e-01, -9.9540e-02, -6.3542e-13,  3.3291e-02,
 -3.0813e-02,  8.1355e-18, -1.8356e-01, -2.8723e-01, -1.9827e-01,
  3.2473e-03, -1.6479e-01,  1.3118e-01, -1.6488e-01,  7.1947e-02,
 -8.3152e-02, -1.8231e-01, -3.2002e-02,  1.3760e-01, -2.3717e-01,
  7.7358e-02, -1.5631e-01,  9.1246e-02,  1.3738e-02,  1.0967e-01,
  1.4249e-01,  4.8123e-14,  7.5044e-02, -1.9401e-01, -1.3426e-01,
  1.7910e-01,  1.4599e-03,  1.0847e-02, -1.2431e-01, -6.8470e-02,
 -2.8457e-01,  4.9917e-13, -2.2666e-01,  1.4060e-01,  8.5365e-02]
 from node41 in hidden layer1 to each node in hidden layer2 weights:
[ 2.9853e-02,  8.3678e-02, -9.6471e-02,  1.2877e-01,  1.6843e-01,
  1.4839e-01,  1.2484e-01, -2.8323e-02, -1.1988e-01,  2.4895e-01,
 -2.5551e-01,  1.5796e-01,  9.7521e-02,  2.6161e-03,  2.6797e-01,
 -9.0929e-02, -7.0938e-02, -1.8224e-01, -2.3626e-02, -9.1629e-02,
 -1.7635e-01,  1.8396e-01,  2.2233e-01, -1.7839e-01, -5.6272e-02,
  2.1930e-01, -2.2613e-01, -1.8656e-01, -1.5931e-01,  4.9398e-02,
 -1.4411e-01,  2.3164e-01, -5.6592e-02, -1.5498e-02, -8.5908e-02,
 -5.0334e-02,  6.6398e-02,  8.9455e-02,  1.3332e-01,  3.1234e-02,
  2.0820e-01,  1.4683e-01,  1.2824e-01, -2.0996e-01, -2.4291e-01,
 -1.5965e-01, -3.8489e-34, -6.7022e-03, -2.7085e-02,  1.3870e-01]
 from node42 in hidden layer1 to each node in hidden layer2 weights:
[ 1.8563e-01,  8.3502e-02, -1.0253e-01,  9.7147e-02, -8.1751e-02,
 -7.6339e-02, -1.3197e-01,  2.6753e-02, -5.2997e-02,  1.7083e-01,
 -1.0625e-01,  3.1236e-01,  1.1948e-02, -2.7903e-01, -4.7721e-02,
 -7.5225e-02,  1.1182e-39, -5.1654e-02, -9.2254e-02, -3.3238e-01,
 -1.0147e-01,  2.4377e-01, -5.4671e-02,  4.7098e-02,  9.6255e-02,
  2.3210e-01,  9.6000e-02,  5.9819e-02,  1.2490e-01,  2.9703e-01,
 -4.1628e-02, -6.7291e-02, -2.0758e-01,  6.1265e-02,  1.5574e-01,
 -2.9563e-01,  2.1142e-02,  4.2590e-02, -1.6418e-01,  1.3344e-01,
 -1.2398e-01, -2.6188e-01,  5.0506e-02,  1.2942e-01, -2.4004e-01,
  1.4679e-02, -2.0049e-44,  4.6350e-02, -1.6433e-02,  1.2371e-01]
 from node43 in hidden layer1 to each node in hidden layer2 weights:
[-8.2590e-02,  2.2872e-01,  1.3412e-01,  2.1838e-01, -1.4234e-01,
  2.1470e-01, -1.7902e-02,  1.5564e-02, -2.3433e-01, -3.0361e-01,
  4.1908e-02,  6.3519e-02, -1.2730e-01, -6.3793e-02, -1.0194e-01,
  3.8825e-02, -5.3116e-02,  1.5817e-01,  2.1775e-01, -1.3649e-01,
 -9.4403e-02, -3.5567e-02,  1.6691e-01, -9.8156e-02, -1.2751e-01,
 -1.8800e-01, -7.9604e-02,  2.2557e-02,  1.5619e-01, -7.1614e-02,
 -1.2110e-02,  1.6131e-01,  1.8922e-01, -9.6441e-02,  2.9968e-02,
 -3.3935e-02,  1.8101e-01, -8.9526e-02,  2.3271e-01,  1.5480e-01,
  3.6369e-02, -2.4344e-01,  4.8510e-03, -4.9138e-02, -1.7059e-01,
  9.6861e-02,  9.4705e-13,  5.0240e-02,  7.1465e-02, -1.3020e-01]
 from node44 in hidden layer1 to each node in hidden layer2 weights:
[-1.2060e-02,  8.9135e-02,  5.8095e-02,  2.6215e-01,  1.4763e-01,
 -5.0874e-01, -3.1753e-01, -2.6671e-01, -3.7651e-02,  2.0025e-01,
  3.2884e-19, -1.7042e-01, -3.1653e-01,  3.8543e-01, -1.5330e-01,
 -1.7003e-01,  2.1989e-40,  2.4979e-01, -1.3199e-02, -4.6121e-01,
 -3.3624e-01, -3.8659e-01, -4.1694e-01,  1.8286e-18, -4.5495e-01,
 -2.9791e-01, -9.1256e-02, -2.1917e-02,  2.2687e-01,  9.0425e-02,
  9.8874e-02, -1.4569e-01,  2.7764e-01, -5.3621e-01,  1.6150e-01,
  3.1772e-01,  1.7483e-14, -2.9338e-01, -1.9768e-01,  1.6692e-01,
 -1.3207e-01,  2.0229e-01, -3.1297e-01,  2.2688e-01,  3.5017e-01,
  1.4364e-01, -4.3341e-17,  5.5197e-01, -2.4519e-01, -3.3913e-01]
 from node45 in hidden layer1 to each node in hidden layer2 weights:
[-3.7028e-02, -5.5321e-02,  1.9228e-01, -9.9753e-02,  1.5433e-01,
  2.4729e-02,  2.8132e-02,  6.4353e-03,  2.2002e-02, -7.4145e-02,
 -4.7408e-13, -3.0660e-01, -2.2412e-01,  1.7057e-01,  2.6414e-01,
 -8.6066e-02,  9.4240e-02, -2.1215e-02,  6.6546e-02,  9.0865e-02,
  1.3834e-01, -7.2954e-03,  1.6085e-01, -1.2305e-01,  2.6053e-01,
 -2.1052e-01,  2.8794e-02,  9.7591e-02,  5.2726e-02, -1.5977e-01,
  3.4717e-01, -1.3901e-01,  7.4105e-03, -1.5840e-01, -8.4624e-02,
 -3.0369e-02, -4.5015e-02, -2.4537e-01, -1.3805e-01, -1.8348e-01,
  1.5049e-01,  1.7661e-01, -2.6354e-01, -5.1612e-02, -1.8615e-01,
 -2.8861e-01, -6.2631e-34, -3.7057e-02, -1.9883e-01, -1.3013e-01]
 from node46 in hidden layer1 to each node in hidden layer2 weights:
[-2.3302e-01,  1.7486e-01,  2.3836e-01, -2.3172e-01, -2.0024e-01,
  2.3279e-01,  2.1463e-01,  3.0594e-02, -2.3592e-01, -2.3469e-01,
 -2.1683e-02, -1.4469e-01, -1.9951e-01,  2.5561e-02, -1.7753e-01,
  1.2570e-01,  8.9671e-31, -2.0154e-01,  3.1724e-02, -1.0649e-02,
  2.1182e-01,  4.6198e-02, -1.0154e-01,  5.6133e-02, -1.0708e-01,
  2.0190e-01, -7.7760e-02,  3.5760e-02, -1.8733e-01,  1.8568e-02,
  1.8240e-01,  1.5038e-01, -1.9561e-01, -5.3847e-02,  1.1739e-01,
  2.2164e-01, -1.3552e-01, -9.4228e-02, -7.4828e-02,  1.8160e-01,
 -1.9141e-01, -1.4055e-01,  8.7152e-02, -2.1529e-01,  1.8826e-02,
  1.0691e-01, -4.9687e-34, -1.0658e-01,  1.3561e-02, -9.0905e-02]
 from node47 in hidden layer1 to each node in hidden layer2 weights:
[ 2.0629e-02,  1.5435e-01,  1.2300e-01, -1.7324e-01, -1.0843e-01,
 -7.2678e-02, -7.0829e-02,  1.2675e-02,  7.7564e-02, -1.6641e-01,
 -1.7493e-01,  2.8712e-02,  1.0029e-01, -7.0022e-02,  3.6740e-02,
 -1.2128e-01,  1.6416e-01,  1.8420e-01, -1.0162e-01, -2.8375e-01,
 -9.5442e-02, -1.1470e-01,  8.2504e-02,  1.2929e-01,  8.2476e-02,
  1.5565e-01, -4.3968e-02, -1.7311e-01,  1.3702e-01,  1.0640e-01,
  1.2935e-01, -1.1767e-01, -2.0145e-01,  1.7554e-01, -6.9910e-02,
  9.7486e-02,  2.0717e-01,  5.4885e-02,  7.4889e-02, -2.0467e-02,
  1.7448e-01, -1.1362e-01,  1.4370e-02,  9.3865e-02, -1.2920e-02,
  8.1828e-04, -5.5775e-33,  3.2115e-02,  1.0440e-01, -2.7295e-01]
 from node48 in hidden layer1 to each node in hidden layer2 weights:
[ 2.0669e-01,  8.9440e-02,  1.6449e-01, -3.8577e-03,  1.2378e-01,
 -2.2690e-01,  1.5583e-01, -1.4421e-01,  1.7752e-01,  2.3638e-01,
 -1.1027e-01, -5.7820e-02,  1.2983e-01, -1.6398e-01,  1.7960e-01,
 -1.8793e-01, -1.7799e-01,  2.0429e-01,  6.3232e-02,  1.1749e-01,
 -1.0251e-01,  9.7318e-02,  4.7454e-02,  2.7834e-02,  8.7386e-02,
  3.6157e-02, -5.5429e-02, -9.7389e-02,  1.0421e-01, -1.1104e-01,
  6.4564e-02, -1.3445e-01,  4.8816e-02,  1.1186e-01, -1.5115e-01,
 -1.9236e-01, -1.7131e-01,  7.1816e-02,  1.7209e-01, -2.4344e-01,
  1.1359e-01, -8.1732e-02, -2.0342e-02,  2.1360e-01, -7.8311e-02,
 -1.0363e-01, -2.4678e-12, -1.5824e-01, -1.4717e-01, -1.2363e-01]
 from node49 in hidden layer1 to each node in hidden layer2 weights:
[ 6.6002e-02, -8.1838e-02,  1.5124e-02, -1.6056e-01, -1.3473e-01,
  1.1356e-01,  2.3661e-01, -1.5831e-01,  1.7604e-01, -1.6053e-02,
  3.2999e-03, -1.1364e-01, -2.1253e-01, -1.8255e-01,  8.2334e-02,
 -8.3541e-02,  1.6821e-01, -8.4170e-02, -1.2576e-01,  1.0289e-01,
 -6.8637e-02,  3.3986e-02,  1.0632e-01,  1.7766e-01,  1.5214e-01,
  9.8110e-02,  8.7699e-02,  2.3013e-01, -7.4235e-02, -1.7333e-01,
 -5.1314e-02, -1.3294e-01,  6.9346e-02,  5.0305e-02,  2.3880e-03,
 -1.8521e-01,  9.7188e-02, -1.4285e-01,  9.1914e-02,  1.1794e-01,
 -6.6406e-02, -1.9513e-01, -1.7581e-01,  1.3705e-01,  2.0545e-01,
 -7.4956e-03, -3.1916e-15,  9.4452e-02,  7.0947e-02,  1.0624e-01]

Weights between layer2 and output
 from node0 in hidden layer2 to output node weights:[0.2174]
 from node1 in hidden layer2 to output node weights:[-0.205]
 from node2 in hidden layer2 to output node weights:[-0.2229]
 from node3 in hidden layer2 to output node weights:[0.3051]
 from node4 in hidden layer2 to output node weights:[-0.1921]
 from node5 in hidden layer2 to output node weights:[-0.0856]
 from node6 in hidden layer2 to output node weights:[0.0634]
 from node7 in hidden layer2 to output node weights:[0.1522]
 from node8 in hidden layer2 to output node weights:[-0.2703]
 from node9 in hidden layer2 to output node weights:[-0.2897]
 from node10 in hidden layer2 to output node weights:[-0.2407]
 from node11 in hidden layer2 to output node weights:[0.259]
 from node12 in hidden layer2 to output node weights:[0.0298]
 from node13 in hidden layer2 to output node weights:[-0.3204]
 from node14 in hidden layer2 to output node weights:[0.1248]
 from node15 in hidden layer2 to output node weights:[0.1394]
 from node16 in hidden layer2 to output node weights:[-0.2487]
 from node17 in hidden layer2 to output node weights:[-0.0488]
 from node18 in hidden layer2 to output node weights:[0.1054]
 from node19 in hidden layer2 to output node weights:[-0.2171]
 from node20 in hidden layer2 to output node weights:[-0.1414]
 from node21 in hidden layer2 to output node weights:[0.1542]
 from node22 in hidden layer2 to output node weights:[0.2661]
 from node23 in hidden layer2 to output node weights:[0.1944]
 from node24 in hidden layer2 to output node weights:[0.0642]
 from node25 in hidden layer2 to output node weights:[0.1846]
 from node26 in hidden layer2 to output node weights:[-0.1016]
 from node27 in hidden layer2 to output node weights:[0.1084]
 from node28 in hidden layer2 to output node weights:[-0.0548]
 from node29 in hidden layer2 to output node weights:[-0.4972]
 from node30 in hidden layer2 to output node weights:[0.369]
 from node31 in hidden layer2 to output node weights:[0.0355]
 from node32 in hidden layer2 to output node weights:[-0.1145]
 from node33 in hidden layer2 to output node weights:[0.2165]
 from node34 in hidden layer2 to output node weights:[-0.2961]
 from node35 in hidden layer2 to output node weights:[-0.1549]
 from node36 in hidden layer2 to output node weights:[-0.2728]
 from node37 in hidden layer2 to output node weights:[0.3414]
 from node38 in hidden layer2 to output node weights:[0.1484]
 from node39 in hidden layer2 to output node weights:[-0.4293]
 from node40 in hidden layer2 to output node weights:[0.1441]
 from node41 in hidden layer2 to output node weights:[-0.0364]
 from node42 in hidden layer2 to output node weights:[0.2729]
 from node43 in hidden layer2 to output node weights:[-0.0316]
 from node44 in hidden layer2 to output node weights:[-0.046]
 from node45 in hidden layer2 to output node weights:[0.6837]
 from node46 in hidden layer2 to output node weights:[-2.5397e-17]
 from node47 in hidden layer2 to output node weights:[-0.4369]
 from node48 in hidden layer2 to output node weights:[0.0886]
 from node49 in hidden layer2 to output node weights:[0.3581]

BIASES:

Biases in layer1 nodes 
node0 bias in layer1: -0.1668
node1 bias in layer1: -0.059
node2 bias in layer1: 0.0185
node3 bias in layer1: -0.0789
node4 bias in layer1: -0.2527
node5 bias in layer1: 0.0129
node6 bias in layer1: -0.212
node7 bias in layer1: 0.1715
node8 bias in layer1: -0.0766
node9 bias in layer1: 0.1545
node10 bias in layer1: 0.1763
node11 bias in layer1: 0.0901
node12 bias in layer1: -0.0759
node13 bias in layer1: -0.0906
node14 bias in layer1: -0.0629
node15 bias in layer1: 0.0975
node16 bias in layer1: 0.4015
node17 bias in layer1: 0.0237
node18 bias in layer1: 0.0346
node19 bias in layer1: 0.1447
node20 bias in layer1: -0.0207
node21 bias in layer1: -0.2523
node22 bias in layer1: 0.2147
node23 bias in layer1: 0.2401
node24 bias in layer1: -0.1358
node25 bias in layer1: 0.161
node26 bias in layer1: -0.2424
node27 bias in layer1: 0.0015
node28 bias in layer1: -0.3093
node29 bias in layer1: -0.0413
node30 bias in layer1: 0.1108
node31 bias in layer1: -0.0152
node32 bias in layer1: 0.0637
node33 bias in layer1: 0.3196
node34 bias in layer1: 0.2645
node35 bias in layer1: -0.1433
node36 bias in layer1: -0.0752
node37 bias in layer1: -0.2064
node38 bias in layer1: 0.3394
node39 bias in layer1: 0.2289
node40 bias in layer1: 0.0405
node41 bias in layer1: 0.2324
node42 bias in layer1: 0.0215
node43 bias in layer1: 0.0847
node44 bias in layer1: 0.0678
node45 bias in layer1: 0.0615
node46 bias in layer1: -0.2132
node47 bias in layer1: 0.1792
node48 bias in layer1: 0.1222
node49 bias in layer1: 0.095

Biases in layer2 nodes 
node0 bias in layer2: -0.1692
node1 bias in layer2: -0.2828
node2 bias in layer2: 0.0731
node3 bias in layer2: -0.0849
node4 bias in layer2: -0.1468
node5 bias in layer2: -0.3114
node6 bias in layer2: 0.0562
node7 bias in layer2: 0.3241
node8 bias in layer2: 0.2093
node9 bias in layer2: -0.0077
node10 bias in layer2: -0.0231
node11 bias in layer2: -0.1442
node12 bias in layer2: 0.0311
node13 bias in layer2: -0.0772
node14 bias in layer2: 0.0947
node15 bias in layer2: -0.0343
node16 bias in layer2: -0.1391
node17 bias in layer2: -0.2343
node18 bias in layer2: -0.0361
node19 bias in layer2: -0.2292
node20 bias in layer2: -0.1994
node21 bias in layer2: 0.3129
node22 bias in layer2: 0.0088
node23 bias in layer2: -0.0056
node24 bias in layer2: 0.2162
node25 bias in layer2: 0.2815
node26 bias in layer2: 0.0187
node27 bias in layer2: 0.1958
node28 bias in layer2: -0.1193
node29 bias in layer2: -0.1174
node30 bias in layer2: -0.0593
node31 bias in layer2: 0.1156
node32 bias in layer2: 0.0656
node33 bias in layer2: -0.0644
node34 bias in layer2: -0.2213
node35 bias in layer2: 0.0555
node36 bias in layer2: -0.1952
node37 bias in layer2: 0.1478
node38 bias in layer2: 0.1319
node39 bias in layer2: 0.133
node40 bias in layer2: 0.1629
node41 bias in layer2: 0.1507
node42 bias in layer2: 0.0597
node43 bias in layer2: 0.0926
node44 bias in layer2: 0.0314
node45 bias in layer2: -0.1522
node46 bias in layer2: -0.2324
node47 bias in layer2: -0.0118
node48 bias in layer2: 0.0347
node49 bias in layer2: 0.1339

Biases in output node 
output bias: -0.0469
